Node Number	X Location (m)	Y Location (m)	Z Location (m)	
1	7,5e-002	1,5e-002	0,	
2	7,3835e-002	1,0316e-002	0,	
3	7,0612e-002	6,723e-003	0,	
4	6,6079e-002	5,0584e-003	0,	
5	6,1291e-002	5,7134e-003	0,	
6	5,7361e-002	8,5466e-003	0,	
7	5,5223e-002	1,2901e-002	0,	
8	5,5384e-002	1,7745e-002	0,	
9	5,7797e-002	2,1937e-002	0,	
10	6,1886e-002	2,4503e-002	0,	
11	6,67e-002	2,4855e-002	0,	
12	7,1118e-002	2,291e-002	0,	
13	7,411e-002	1,9123e-002	0,	
14	2,5e-002	1,5e-002	0,	
15	2,3842e-002	1,033e-002	0,	
16	2,0598e-002	6,7136e-003	0,	
17	1,6015e-002	5,0516e-003	0,	
18	1,1192e-002	5,7533e-003	0,	
19	7,27e-003	8,656e-003	0,	
20	5,1981e-003	1,302e-002	0,	
21	5,4079e-003	1,7827e-002	0,	
22	7,8446e-003	2,1986e-002	0,	
23	1,1936e-002	2,4519e-002	0,	
24	1,6737e-002	2,4848e-002	0,	
25	2,1135e-002	2,2897e-002	0,	
26	2,4116e-002	1,9112e-002	0,	
27	7,5e-002	8,5e-002	0,	
28	7,3833e-002	8,0313e-002	0,	
29	7,0605e-002	7,6719e-002	0,	
30	6,607e-002	7,5057e-002	0,	
31	6,1284e-002	7,5716e-002	0,	
32	5,7366e-002	7,8541e-002	0,	
33	5,5228e-002	8,2878e-002	0,	
34	5,5376e-002	8,7715e-002	0,	
35	5,7778e-002	9,1917e-002	0,	
36	6,1869e-002	9,4497e-002	0,	
37	6,6688e-002	9,4856e-002	0,	
38	7,1112e-002	9,2915e-002	0,	
39	7,4109e-002	8,9126e-002	0,	
40	2,5e-002	8,5e-002	0,	
41	2,3842e-002	8,033e-002	0,	
42	2,0632e-002	7,6737e-002	0,	
43	1,6121e-002	7,5063e-002	0,	
44	1,135e-002	7,569e-002	0,	
45	7,4227e-003	7,8474e-002	0,	
46	5,2504e-003	8,2776e-002	0,	
47	5,3405e-003	8,7587e-002	0,	
48	7,6854e-003	9,1819e-002	0,	
49	1,1784e-002	9,4469e-002	0,	
50	1,664e-002	9,4865e-002	0,	
51	2,111e-002	9,2916e-002	0,	
52	2,4116e-002	8,911e-002	0,	
53	0,	0,1	0,	
54	0,14	0,1	0,	
55	5,0305e-003	0,1	0,	
56	1,0028e-002	0,1	0,	
57	1,5026e-002	0,1	0,	
58	2,0024e-002	0,1	0,	
59	2,5021e-002	0,1	0,	
60	3,0019e-002	0,1	0,	
61	3,5016e-002	0,1	0,	
62	4,0014e-002	0,1	0,	
63	4,5012e-002	0,1	0,	
64	5,0009e-002	0,1	0,	
65	5,5007e-002	0,1	0,	
66	6,0005e-002	0,1	0,	
67	6,5002e-002	0,1	0,	
68	7,e-002	0,1	0,	
69	7,4997e-002	0,1	0,	
70	7,9995e-002	0,1	0,	
71	8,4993e-002	0,1	0,	
72	8,999e-002	0,1	0,	
73	9,4988e-002	0,1	0,	
74	9,9986e-002	0,1	0,	
75	0,10498	0,1	0,	
76	0,10998	0,1	0,	
77	0,11498	0,1	0,	
78	0,11998	0,1	0,	
79	0,12497	0,1	0,	
80	0,12997	0,1	0,	
81	0,13497	0,1	0,	
82	0,	0,	0,	
83	0,	5,0258e-003	0,	
84	0,	1,0023e-002	0,	
85	0,	1,502e-002	0,	
86	0,	2,0017e-002	0,	
87	0,	2,5014e-002	0,	
88	0,	3,0012e-002	0,	
89	0,	3,5009e-002	0,	
90	0,	4,0006e-002	0,	
91	0,	4,5003e-002	0,	
92	0,	5,e-002	0,	
93	0,	5,4997e-002	0,	
94	0,	5,9995e-002	0,	
95	0,	6,4992e-002	0,	
96	0,	6,9989e-002	0,	
97	0,	7,4986e-002	0,	
98	0,	7,9983e-002	0,	
99	0,	8,4981e-002	0,	
100	0,	8,9978e-002	0,	
101	0,	9,4975e-002	0,	
102	8,e-002	0,	0,	
103	7,5e-002	0,	0,	
104	7,0002e-002	0,	0,	
105	6,5004e-002	0,	0,	
106	6,0006e-002	0,	0,	
107	5,5009e-002	0,	0,	
108	5,0011e-002	0,	0,	
109	4,5013e-002	0,	0,	
110	4,0015e-002	0,	0,	
111	3,5018e-002	0,	0,	
112	3,002e-002	0,	0,	
113	2,5022e-002	0,	0,	
114	2,0024e-002	0,	0,	
115	1,5026e-002	0,	0,	
116	1,0029e-002	0,	0,	
117	5,0307e-003	0,	0,	
118	0,14	4,5e-002	0,	
119	0,13601	4,2006e-002	0,	
120	0,13202	3,9011e-002	0,	
121	0,12798	3,5983e-002	0,	
122	0,12398	3,2985e-002	0,	
123	0,11999	2,9994e-002	0,	
124	0,11598	2,6984e-002	0,	
125	0,11201	2,4004e-002	0,	
126	0,10803	2,1019e-002	0,	
127	0,10403	1,8022e-002	0,	
128	0,10004	1,5027e-002	0,	
129	9,6049e-002	1,2037e-002	0,	
130	9,2015e-002	9,0112e-003	0,	
131	8,8007e-002	6,0049e-003	0,	
132	8,4026e-002	3,0195e-003	0,	
133	0,14	9,4975e-002	0,	
134	0,14	8,9979e-002	0,	
135	0,14	8,4983e-002	0,	
136	0,14	7,9987e-002	0,	
137	0,14	7,4991e-002	0,	
138	0,14	6,9995e-002	0,	
139	0,14	6,4999e-002	0,	
140	0,14	6,0003e-002	0,	
141	0,14	5,5007e-002	0,	
142	0,14	5,0011e-002	0,	
143	9,8743e-002	5,7273e-002	0,	
144	3,9241e-002	5,0012e-002	0,	
145	6,6385e-002	4,9956e-002	0,	
146	0,10471	7,0957e-002	0,	
147	8,5508e-002	4,0473e-002	0,	
148	0,11956	5,5038e-002	0,	
149	1,9999e-002	5,2261e-002	0,	
150	0,12173	7,5264e-002	0,	
151	0,10498	4,0517e-002	0,	
152	8,4756e-002	6,6684e-002	0,	
153	3,1283e-002	6,5523e-002	0,	
154	4,9526e-002	6,1409e-002	0,	
155	4,1052e-002	2,1164e-002	0,	
156	5,0466e-002	3,5468e-002	0,	
157	8,8826e-002	7,781e-002	0,	
158	3,0175e-002	3,6117e-002	0,	
159	3,9535e-002	8,1604e-002	0,	
160	9,0615e-002	2,4699e-002	0,	
161	0,10627	8,6361e-002	0,	
162	1,9005e-002	3,8796e-002	0,	
163	8,4884e-002	5,3232e-002	0,	
164	4,9862e-002	4,9815e-002	0,	
165	6,7082e-002	6,2319e-002	0,	
166	6,6542e-002	3,7405e-002	0,	
167	0,12353	8,8376e-002	0,	
168	1,0425e-002	5,8854e-002	0,	
169	0,12107	4,3933e-002	0,	
170	2,0827e-002	6,3209e-002	0,	
171	9,0845e-002	8,9424e-002	0,	
172	0,13032	6,0974e-002	0,	
173	4,5518e-002	7,3256e-002	0,	
174	9,3836e-002	4,8188e-002	0,	
175	8,018e-002	3,17e-002	0,	
176	0,11229	6,404e-002	0,	
177	3,8588e-002	1,0031e-002	0,	
178	7,5698e-002	4,4868e-002	0,	
179	0,1125	4,8643e-002	0,	
180	1,0191e-002	4,8299e-002	0,	
181	7,5703e-002	5,7139e-002	0,	
182	9,7021e-002	3,2513e-002	0,	
183	4,0793e-002	3,6093e-002	0,	
184	5,7726e-002	5,6462e-002	0,	
185	9,4899e-002	6,8663e-002	0,	
186	2,5556e-002	5,0182e-002	0,	
187	7,1824e-002	6,9194e-002	0,	
188	4,0508e-002	8,7463e-002	0,	
189	0,13425	4,7349e-002	0,	
190	0,10284	8,3207e-002	0,	
191	4,3801e-002	2,6384e-002	0,	
192	7,938e-002	1,6858e-002	0,	
193	3,2921e-002	3,069e-002	0,	
194	4,4493e-002	6,271e-002	0,	
195	0,13467	7,2295e-002	0,	
196	0,13055	7,7154e-002	0,	
197	3,742e-002	7,6375e-002	0,	
198	6,8051e-003	3,6491e-002	0,	
199	0,11618	7,4062e-002	0,	
200	8,5655e-002	8,9473e-002	0,	
201	0,12465	6,1035e-002	0,	
202	0,10892	3,7177e-002	0,	
203	1,3909e-002	6,9713e-002	0,	
204	0,103	4,4651e-002	0,	
205	5,2621e-002	6,7865e-002	0,	
206	8,1462e-002	7,1556e-002	0,	
207	4,4116e-002	1,1551e-002	0,	
208	9,419e-002	5,9994e-002	0,	
209	2,9864e-002	8,8652e-002	0,	
210	3,7277e-002	5,4886e-002	0,	
211	2,8828e-002	7,0877e-002	0,	
212	0,1014	8,8562e-002	0,	
213	2,949e-002	1,8963e-002	0,	
214	9,1544e-002	1,9984e-002	0,	
215	5,8107e-002	2,8642e-002	0,	
216	0,10795	2,5758e-002	0,	
217	0,13515	8,7167e-002	0,	
218	4,7054e-002	4,5321e-002	0,	
219	0,11783	8,7371e-002	0,	
220	0,12419	5,2824e-002	0,	
221	9,4586e-002	4,2568e-002	0,	
222	9,9617e-002	2,7738e-002	0,	
223	8,4425e-002	8,0744e-002	0,	
224	0,10797	5,1718e-002	0,	
225	3,5727e-002	4,5592e-002	0,	
226	2,4133e-002	2,8052e-002	0,	
227	7,8838e-002	1,1334e-002	0,	
228	4,4897e-002	8,2649e-002	0,	
229	9,6771e-002	7,3611e-002	0,	
230	2,849e-002	4,0674e-002	0,	
231	0,10314	6,6122e-002	0,	
232	1,4015e-002	2,9182e-002	0,	
233	0,11393	9,122e-002	0,	
234	2,1995e-002	4,6972e-002	0,	
235	4,7857e-002	5,4161e-002	0,	
236	2,1128e-002	6,7913e-002	0,	
237	8,7771e-002	3,2844e-002	0,	
238	5,8289e-002	3,6103e-002	0,	
239	0,13244	9,1943e-002	0,	
240	8,1553e-003	6,8923e-002	0,	
241	0,10557	7,863e-002	0,	
242	0,10855	9,2775e-002	0,	
243	4,817e-002	1,9135e-002	0,	
244	0,12576	6,8675e-002	0,	
245	2,8836e-002	5,8028e-002	0,	
246	0,10538	6,0056e-002	0,	
247	0,11131	8,0506e-002	0,	
248	7,7842e-002	6,4101e-002	0,	
249	0,11849	3,5119e-002	0,	
250	5,1131e-002	2,7315e-002	0,	
251	3,0395e-002	9,4322e-003	0,	
252	5,1602e-002	7,5745e-002	0,	
253	4,9754e-002	1,0307e-002	0,	
254	3,877e-002	9,4217e-002	0,	
255	1,6457e-002	4,7771e-002	0,	
256	7,688e-002	3,7042e-002	0,	
257	0,11678	4,0839e-002	0,	
258	8,4186e-002	2,9408e-002	0,	
259	8,482e-002	5,9958e-002	0,	
260	8,4948e-002	4,6506e-002	0,	
261	5,2361e-003	2,698e-002	0,	
262	0,11043	5,5894e-002	0,	
263	1,4308e-002	4,3152e-002	0,	
264	7,1336e-002	2,768e-002	0,	
265	9,9694e-002	2,1078e-002	0,	
266	7,5627e-002	5,1368e-002	0,	
267	8,652e-003	4,2088e-002	0,	
268	0,13147	5,5894e-002	0,	
269	7,9922e-002	2,6534e-002	0,	
270	0,10486	3,5038e-002	0,	
271	0,12843	4,587e-002	0,	
272	0,12215	9,4606e-002	0,	
273	9,8746e-002	9,4596e-002	0,	
274	0,12652	8,1798e-002	0,	
275	2,1723e-002	3,3051e-002	0,	
276	9,5313e-002	8,118e-002	0,	
277	4,7352e-002	3,1454e-002	0,	
278	3,7941e-002	2,6117e-002	0,	
279	8,272e-002	9,4923e-002	0,	
280	3,8029e-002	6,474e-002	0,	
281	6,6463e-002	4,3681e-002	0,	
282	6,7032e-002	3,1413e-002	0,	
283	6,6923e-002	6,8557e-002	0,	
284	6,6306e-002	5,6231e-002	0,	
285	3,3803e-002	1,3661e-002	0,	
286	7,1626e-002	3,3794e-002	0,	
287	8,6415e-002	7,2125e-002	0,	
288	1,231e-002	3,7956e-002	0,	
289	2,6573e-002	9,4462e-002	0,	
290	7,2723e-002	6,3302e-002	0,	
291	0,11019	7,2263e-002	0,	
292	5,186e-002	9,2164e-002	0,	
293	4,7111e-002	8,7373e-002	0,	
294	0,13147	6,6794e-002	0,	
295	0,11905	8,0982e-002	0,	
296	7,9576e-002	9,0218e-002	0,	
297	0,11831	6,0693e-002	0,	
298	9,0128e-002	3,7971e-002	0,	
299	3,1749e-002	2,5251e-002	0,	
300	9,3531e-002	5,3872e-002	0,	
301	9,8512e-002	5,1328e-002	0,	
302	7,9918e-002	5,5645e-003	0,	
303	3,5026e-002	8,5246e-002	0,	
304	3,0392e-002	4,8178e-002	0,	
305	2,7634e-002	4,7698e-003	0,	
306	9,9387e-002	4,1143e-002	0,	
307	7,1672e-002	4,0893e-002	0,	
308	1,1824e-002	6,4161e-002	0,	
309	2,5486e-002	6,6138e-002	0,	
310	4,1874e-002	5,5708e-003	0,	
311	4,9018e-003	5,1791e-002	0,	
312	1,4772e-002	5,575e-002	0,	
313	5,5548e-002	7,2174e-002	0,	
314	7,6575e-002	7,5595e-002	0,	
315	0,12046	4,9549e-002	0,	
316	0,12285	3,8696e-002	0,	
317	4,2461e-002	5,4375e-002	0,	
318	8,9233e-002	6,266e-002	0,	
319	8,8117e-002	9,4529e-002	0,	
320	5,2217e-002	4,5273e-002	0,	
321	2,6077e-002	7,5887e-002	0,	
322	8,8409e-002	8,3978e-002	0,	
323	3,4526e-002	7,1123e-002	0,	
324	0,1146	3,1758e-002	0,	
325	4,778e-002	4,9221e-003	0,	
326	3,5343e-002	2,0053e-002	0,	
327	2,4995e-002	3,7029e-002	0,	
328	9,152e-002	1,4644e-002	0,	
329	5,4695e-002	3,4055e-002	0,	
330	3,8093e-002	3,2013e-002	0,	
331	7,6254e-003	7,4015e-002	0,	
332	0,12974	8,7392e-002	0,	
333	3,2711e-002	4,6529e-003	0,	
334	4,3708e-002	4,092e-002	0,	
335	0,11245	8,5735e-002	0,	
336	8,372e-002	1,9186e-002	0,	
337	4,2445e-002	7,7502e-002	0,	
338	2,4797e-002	5,5256e-002	0,	
339	8,1725e-002	3,6344e-002	0,	
340	7,9314e-002	8,0977e-002	0,	
341	0,11445	6,9644e-002	0,	
342	3,2611e-002	6,0787e-002	0,	
343	0,10845	6,7731e-002	0,	
344	4,0585e-002	5,9028e-002	0,	
345	3,2816e-002	9,4097e-002	0,	
346	0,10357	9,3068e-002	0,	
347	0,10281	5,3766e-002	0,	
348	3,9472e-002	1,5393e-002	0,	
349	2,7234e-002	3,2237e-002	0,	
350	3,3188e-002	4,0523e-002	0,	
351	8,0842e-002	4,2539e-002	0,	
352	7,1041e-002	4,7412e-002	0,	
353	1,078e-002	3,2878e-002	0,	
354	0,1112	4,0973e-002	0,	
355	8,3671e-002	9,0033e-003	0,	
356	0,127	9,3421e-002	0,	
357	7,0966e-002	5,38e-002	0,	
358	8,0288e-002	4,8937e-002	0,	
359	3,1572e-002	7,6206e-002	0,	
360	5,007e-002	8,3024e-002	0,	
361	9,8994e-002	7,89e-002	0,	
362	5,3564e-002	2,2273e-002	0,	
363	0,11604	5,1464e-002	0,	
364	9,5169e-002	2,3266e-002	0,	
365	4,9018e-003	5,6788e-002	0,	
366	5,4221e-003	6,2773e-002	0,	
367	8,022e-002	5,555e-002	0,	
368	9,553e-002	1,7651e-002	0,	
369	9,8134e-002	6,3932e-002	0,	
370	9,4016e-002	2,8447e-002	0,	
371	5,3888e-002	5,9212e-002	0,	
372	1,7112e-002	6,643e-002	0,	
373	0,13535	5,8071e-002	0,	
374	2,932e-002	5,322e-002	0,	
375	5,2933e-002	7,3022e-003	0,	
376	5,3141e-002	5,4462e-002	0,	
377	1,6093e-002	3,3845e-002	0,	
378	3,5704e-002	3,5878e-002	0,	
379	6,214e-002	5,9126e-002	0,	
380	6,166e-002	4,7656e-002	0,	
381	6,1038e-002	4,0782e-002	0,	
382	6,1899e-002	5,3615e-002	0,	
383	4,4757e-002	4,9848e-002	0,	
384	4,553e-002	3,6187e-002	0,	
385	8,8947e-002	5,7031e-002	0,	
386	2,3645e-002	4,208e-002	0,	
387	5,469e-002	3,9864e-002	0,	
388	4,578e-002	5,8343e-002	0,	
389	9,3951e-003	5,3849e-002	0,	
390	0,11709	4,6242e-002	0,	
391	4,8623e-003	4,6846e-002	0,	
392	0,13556	7,8082e-002	0,	
393	8,2643e-002	8,5157e-002	0,	
394	8,2836e-002	7,6468e-002	0,	
395	7,1624e-002	5,8664e-002	0,	
396	9,3019e-002	9,444e-002	0,	
397	9,8159e-002	8,4625e-002	0,	
398	4,8846e-002	6,5736e-002	0,	
399	6,2368e-002	3,4371e-002	0,	
400	6,1352e-002	7,0417e-002	0,	
401	8,7599e-002	1,178e-002	0,	
402	0,11219	9,6242e-002	0,	
403	9,1495e-002	7,2805e-002	0,	
404	0,11482	5,6137e-002	0,	
405	8,9681e-002	4,4389e-002	0,	
406	2,0071e-002	5,7597e-002	0,	
407	4,8717e-002	1,4859e-002	0,	
408	1,923e-002	4,4005e-002	0,	
409	4,1461e-002	4,5128e-002	0,	
410	2,6939e-002	2,3443e-002	0,	
411	0,10933	3,3403e-002	0,	
412	4,4546e-002	1,739e-002	0,	
413	0,10814	4,6118e-002	0,	
414	3,5649e-002	8,9726e-002	0,	
415	3,8282e-002	4,0724e-002	0,	
416	0,12691	6,4511e-002	0,	
417	8,9952e-002	6,7909e-002	0,	
418	9,9624e-002	6,9947e-002	0,	
419	8,4933e-002	2,4587e-002	0,	
420	4,7947e-002	7,8666e-002	0,	
421	0,13522	5,2408e-002	0,	
422	0,13187	4,2997e-002	0,	
423	7,9278e-002	6,0049e-002	0,	
424	1,8948e-002	2,8877e-002	0,	
425	9,2202e-002	3,2781e-002	0,	
426	0,10368	2,4299e-002	0,	
427	0,11739	9,5723e-002	0,	
428	4,9101e-002	4,0523e-002	0,	
429	0,13229	8,2299e-002	0,	
430	7,564e-002	6,8278e-003	0,	
431	0,12508	4,3135e-002	0,	
432	9,3461e-002	8,4932e-002	0,	
433	0,11635	8,3789e-002	0,	
434	0,12739	5,6284e-002	0,	
435	0,13624	6,7466e-002	0,	
436	2,4826e-002	6,0301e-002	0,	
437	0,12946	5,1054e-002	0,	
438	0,10165	7,4715e-002	0,	
439	3,742e-002	5,3594e-003	0,	
440	5,4687e-003	3,1599e-002	0,	
441	0,10578	8,9818e-002	0,	
442	9,3633e-002	6,4549e-002	0,	
443	7,5948e-002	7,062e-002	0,	
444	6,1503e-003	4,328e-003	0,	
445	6,2382e-002	2,9359e-002	0,	
446	2,8593e-002	1,3685e-002	0,	
447	5,6185e-002	4,2733e-003	0,	
448	4,4436e-002	6,8143e-002	0,	
449	0,10042	3,6323e-002	0,	
450	0,12227	6,5433e-002	0,	
451	4,9585e-002	7,0271e-002	0,	
452	5,3305e-002	6,3759e-002	0,	
453	4,9615e-002	2,2617e-002	0,	
454	8,908e-002	5,0626e-002	0,	
455	3,406e-002	8,0323e-002	0,	
456	5,2614e-002	7,9493e-002	0,	
457	0,11555	7,9191e-002	0,	
458	3,2744e-002	5,6265e-002	0,	
459	0,10531	2,9751e-002	0,	
460	0,12578	7,643e-002	0,	
461	7,8568e-002	9,5511e-002	0,	
462	9,5984e-002	8,9337e-002	0,	
463	6,358e-003	9,5909e-002	0,	
464	7,4832e-002	6,6943e-002	0,	
465	5,6392e-002	9,5958e-002	0,	
466	4,3107e-002	3,1287e-002	0,	
467	3,3912e-002	5,1289e-002	0,	
468	3,787e-003	2,2816e-002	0,	
469	2,854e-002	6,198e-002	0,	
470	1,4094e-002	5,1582e-002	0,	
471	4,3217e-002	9,6292e-002	0,	
472	9,8706e-002	4,6354e-002	0,	
473	9,3839e-002	7,7494e-002	0,	
474	0,13659	9,1924e-002	0,	
475	0,13555	9,5734e-002	0,	
476	9,3083e-003	2,7902e-002	0,	
477	7,5264e-002	2,4507e-002	0,	
478	3,8602e-003	9,2707e-002	0,	
479	0,11355	4,4478e-002	0,	
480	2,9855e-002	8,4167e-002	0,	
481	3,7114e-003	7,673e-002	0,	
482	0,12484	4,7793e-002	0,	
483	0,11722	6,6237e-002	0,	
484	5,0245e-002	5,779e-002	0,	
485	0,12037	7,0344e-002	0,	
486	3,6794e-003	7,526e-003	0,	
487	0,11235	5,2614e-002	0,	
488	7,0454e-002	6,6295e-002	0,	
489	0,10677	9,6387e-002	0,	
490	2,2363e-002	9,6452e-002	0,	
491	0,10137	3,2509e-002	0,	
492	0,10321	4,9022e-002	0,	
493	7,3447e-002	3,3254e-003	0,	
494	0,119	7,8045e-002	0,	
495	5,4147e-002	4,9822e-002	0,	
496	5,7768e-002	6,142e-002	0,	
497	2,3193e-002	3,9835e-003	0,	
498	9,2055e-002	8,105e-002	0,	
499	0,12234	7,9397e-002	0,	
500	8,1251e-002	6,3541e-002	0,	
501	4,5748e-002	2,2238e-002	0,	
502	0,13548	6,338e-002	0,	
503	2,8862e-002	2,8104e-002	0,	
504	2,6832e-002	4,5207e-002	0,	
505	3,0897e-002	4,391e-002	0,	
506	3,5571e-003	4,0207e-002	0,	
507	5,5682e-002	2,5586e-002	0,	
508	0,11913	9,1417e-002	0,	
509	3,6471e-003	7,1853e-002	0,	
510	7,0626e-002	7,2666e-002	0,	
511	0,10648	6,3279e-002	0,	
512	0,10186	6,1597e-002	0,	
513	0,10946	8,9102e-002	0,	
514	1,5826e-002	6,0853e-002	0,	
515	0,12336	5,6878e-002	0,	
516	7,6801e-002	3,1435e-003	0,	
517	0,11068	2,8903e-002	0,	
518	1,1466e-002	7,2419e-002	0,	
519	0,12457	7,2669e-002	0,	
520	1,869e-002	7,1315e-002	0,	
521	3,3883e-003	6,7978e-002	0,	
522	4,4172e-002	9,1943e-002	0,	
523	0,11293	5,9365e-002	0,	
524	4,7853e-002	9,6509e-002	0,	
525	0,12867	4,0748e-002	0,	
526	7,8148e-002	8,5933e-002	0,	
527	8,3668e-002	3,3121e-002	0,	
528	8,9054e-002	2,895e-002	0,	
529	8,5837e-002	3,606e-002	0,	
530	5,837e-002	3,1832e-002	0,	
531	5,7273e-002	5,2148e-002	0,	
532	5,7027e-002	4,6847e-002	0,	
533	7,5913e-002	2,9992e-002	0,	
534	4,0148e-002	7,2143e-002	0,	
535	0,13111	9,6478e-002	0,	
536	0,1366	8,2504e-002	0,	
537	0,11093	7,6193e-002	0,	
538	0,1063	7,4485e-002	0,	
539	0,10699	8,2406e-002	0,	
540	3,6197e-002	5,9006e-002	0,	
541	0,12098	8,3562e-002	0,	
542	7,9555e-002	2,1799e-002	0,	
543	5,1777e-002	1,844e-002	0,	
544	0,12898	7,2296e-002	0,	
545	5,4746e-002	2,9735e-002	0,	
546	0,10634	5,6586e-002	0,	
547	0,10303	5,7856e-002	0,	
548	5,6866e-002	6,6971e-002	0,	
549	6,2061e-002	6,4708e-002	0,	
550	5,2075e-002	9,6886e-002	0,	
551	2,3474e-002	7,1478e-002	0,	
552	9,5468e-002	3,673e-002	0,	
553	7,9455e-002	6,7235e-002	0,	
554	7,6368e-002	6,0996e-002	0,	
555	0,10881	6,0061e-002	0,	
556	0,10281	9,681e-002	0,	
557	5,194e-002	3,3269e-003	0,	
558	7,5051e-002	9,3823e-002	0,	
559	3,4742e-002	8,0676e-003	0,	
560	7,1615e-002	9,618e-002	0,	
561	8,7746e-002	1,6921e-002	0,	
562	8,3409e-002	1,3996e-002	0,	
563	8,7829e-002	2,1131e-002	0,	
564	5,1925e-002	8,689e-002	0,	
565	0,11319	3,643e-002	0,	
566	5,1386e-002	3,1785e-002	0,	
567	4,7607e-002	2,6045e-002	0,	
568	2,802e-002	8,0306e-002	0,	
